11001101110010
100001010111011101111011110110000010110110001011010001010100001110100011000011010000101100110011
100011010100110111011111101101101010011101000110101110101001100
100010000111000101111011110110010011001010110110110001111101000101111011010100011100100110010011111111111011110
1001101000101000101101101001000100101111110110110011101000111001110101100001100101110101101011010110011011000111
11010101101011001011100001100100011001011000011011111100001011000111111001000011001110011101110011110111010100100101011000011011
100011000001010
000111111101000000001110001010011000111101010001110101110101001001001010110011110101101101101100000100110011110101111011110000
100011001010010111100010010101110001111100100110111010111101111110100111101100101010100010110010000010101111100
101010000011011101111101101110001101111110000001011001100001100011111001000111011010110100011110
011100100001011010011000001100000101010101111011101001100100001011011000101101
1101101001110101010101010000010101001000110000010000001011001001000111110101011000101000111110011001011110100001110000101010100
11111100000001100101101011111000011101010111110001110110111111001100101000101110
1100011111110101
00111100100101
100000110001110111110111110100001101110101101001110010110101011111011111101110111000000100100111
101100001010001101001010111000111011111010011011101011010110001101110000100110011001010000010010
111001100110010
111001001101010010100010110100011000101111101000100011001001010000101111101111001010001101101111
1010011110101110
1100001110100101001000001100011101101100110110011000100100001110
0000111010011100011111010110100101010010000110001100111100010100100101001101000110011000001000
1000101100001011111000110000100100010100111110111001110100110001010100111011011
101001011010101010100001101000
10010010001001011110000101100110000100101001101000101100100001101100010111101010
