1100011011101110
101110011100011110110010000000011010001100100110001000011010110100000010100000011101000011010011
1111000001001001111001111010110101100010101011100001001001010101
10011000001010010111011001001001011101001110000110000000111100011110100000000110100010100101001100110100011110
101001011101101101111011100011111101111100011010010001011111010101001001100010101010010000001011100111101011001
1000010000110100000100010111100100111100110111001010011001100010001011001100101110001101101110011000111101010110111111110001001
10010001111101
11001101000111000101100111110111110100010111001010110111000010010010101001010010010101101010011001000000000101011101101100000000
111000100111000110101001010110010110011001111011111001101100001101101111010000101101010011110111011111000110101
11000011111110010010011011110010111100001100100011010111110000111001101100101001000110010001111
000010010101110110110000110001011000101110100101111101101000110111000000101001
1100001010000110001000110101001111111000101101101110111011001011000010100001111011011010000011100111001110110000010111010110010
11110101101010111000001010001111011110001001110100101010000111111101101011100101
1110101001110000
01001000000111
111100000111100111001110101000011011100000011101110010011101101110110000110110010101011101011001
0100101001111011111111101001110001110101011011000111000100100111100101100000100000111001000101
1001000110111101
110100011001101110100100111100111011010000011100111011100111100010101010001001010010101100110000
1100001000110110
110110001111000001100001000111101100101101101100011010010000110
110001010101011010100001000000001101011000101000001000000110100111110111001110011000100000111010
10000100000001011101001000010110001100000100111010001000101001101001010010010111
11111100100010101011100011111010
10001110101110011101001011100100001110000100100110110110010100000001010001100111
