100111111110011111111111111100
11000001101101101110101001011100110110010010111110011001111100101011101001101110001010010100110100001101100011101001011111001010010000101000000011100110101101000000111100011001010101100001001
1000010010100001110011001101000100000000110111011110011000101001111100010100100000100101101000011000011011101010101001000111100
001010001000110010111101011000001010000011010001110110000110100000000100101001011110001000000000011110101010100111010100011000010011110000001101101010110101011111110001010100010111011001000011111001111010001100001000000100
110001111100000011010001110011111110100110110110100001101110101110110001100101110101000011011010101011001100110111100110100101110110110110100011111001100100111100100100001000011011110111001011011111010001101010010000101111
11011100101100010000100101111101110001001101100101100100010101000001100110101101001111000111001110110100010000010110111000000001010010011101001101010010000001010110000111001000100011100100001101101010001010101011000001010010110100110100000111100101110011
001001111110111001101011100010
00011001011111010010000101000110111101010000000101110000010000100100100011110000110011010010110101010101000011100101001110010111011101100011011001100111010001011110101010111000110100000010011100101100110100110010010111110000101111111001110101000000000000
011111000110100011100100000101000111001001011010011110101110111011110101000111110011001000110001011111110110011101011011001011001100010100110100110010011101111010011100011110101000101001111110000011000101000010101010101100
10000000110001011111110001010100111110100110011100111110100100000111111001001101101100000010101101101111000000110011100000011101010110100110011001010100101011001111101100110000001101111000010
00000001000010110010001100010101101000111011010000111110011100110111000010011101110111110100101010100111010011010110110110111110101111100001111101110100110101
10100101111111110110000111111110001101001100111001101000010110101100000111110000000010101000100111100110000100111011100011101101101010011000000101101110110000010011001100110101110100010010010000111111100011000100110001101100010010100110011100010001101000
1111000111011010111011011101011100000100111000110100100001111000111001011110111011110000001110010101110101100100100001011010011110111011110111100000011100100110
10110111000111010110110100110000
000001000100010000010000000011
11110110010101001111011010100101110001011011011100011100001000000011110000010010010100100101101010010110001110000111000110001001111110001101010001110001010110111001011001000110010011110001111
0011001101100100110000011100100011001001010110101010001100000010101111001101111110101011000001101010001000001011110100101111100111100000001100111011001000100100001010101000011110010011011010
1000001100101000101110111101010
101110110101110010111001000111011011011100111100101110100000000110010000111010101010011111101011011000111101101000100011100000011011000011010111001110001010000011110111110111010100100111010000
1111111001101010011101010110100
1010010111001011000010001011000000011001000010011100101000100001010110010010111000011110000101100011111101010001001010101010100
0000101101000011010111100100010010100100101001110000001101110101010000001011100110101011001000011101110111010111101011001100001010000000110010001001101101001010110011110110110101110111010000
10001111011010101001010011001111110101101111110111111100101111101100001011011001111001111100111000100111000010010011011001100110011010010000001100110000101101
10100011011011011011110011001001000011010000110011010110010000
101000101111011000110001100101111011101110110011100111001111000001110001110101011010100001010010111101101111100111000100000111010100110110011111110100100100110
