10111111
11110100
10010110
01000010
00101001
00111011
01100010
10011010
11000000
10011110
11001101
11011100
11110101
11101011
00001111
10110010
10111101
10100111
11011101
10011000
11001111
00001100
11001011
00111100
10011100
11011100
01111010
01100101
11110011
01001000
00100111
00101110
01000100
00011101
11010101
00110110
01101101
10000010
00000101
11001010
01011101
00000001
11001100
10010010
11011011
00000111
11111001
11111001
10011000
11111010
