00011001
00010100
01001111
00001010
10011110
10111011
01010101
01001100
11001000
01100000
00101111
00010001
01100000
10010000
00000010
00100101
10101001
10010011
00011101
11000011
11000110
11101101
11101010
01111010
01011111
11011010
11001010
01000101
00010111
00100000
00011110
11010011
10101100
00001011
00111001
01001000
11000000
10101011
01100000
00000001
01010100
00100011
01010011
01110110
11100111
01111110
10010010
10000111
01111100
00011010
