00011100
11010111
00000010
11110110
11110101
10011101
10011111
11111011
11010011
00111001
11101010
11100000
11111000
01111011
11101110
10000010
10100000
00011100
10110001
01101100
10100001
10000110
01101000
10010100
10110011
10100110
01010100
11001100
11000010
11000000
11011001
11010110
10101011
11000000
01001101
11010010
00010111
01100011
00010100
00111111
10010000
11001011
10100001
00000011
10101110
01110111
11111000
11100101
00101000
10100100
