11011001
10001110
00010011
01111110
11100010
10010110
00111110
11000001
11101110
11110100
10101001
10001111
10111111
11000111
00101111
11001010
10001110
11011011
00000010
01000000
10101110
10010101
11111011
01111101
10000111
10011010
01101001
11010100
00101110
10110000
01000111
00001100
01011100
11011110
11011011
11101110
10110011
00100100
11011111
11100001
00111010
10111010
00001000
10000010
11011101
11001100
10000100
01010011
00100100
01010101
