01111100
11011111
10000010
00101000
00000001
00001100
01010000
11000101
00101110
00001010
01101000
11010000
01100111
11000110
01100000
00110010
11011000
00100001
01011111
01110000
01101110
10001111
11111101
10100100
11100100
01000100
10000001
01101010
01101011
00110001
01100110
10100101
00100111
01010010
00100011
01101111
00110010
01100000
00001001
01011111
01011110
10101101
00000011
01101110
00100001
00000101
11000101
00111110
00011111
00100001
