11100101
01010000
11001011
10011111
01101100
00110011
11010000
01100100
01000000
00001001
00100011
00101101
11001101
00101100
01011001
01101001
00001010
00001111
01011101
00000000
11010011
11110100
01101000
10011110
11100100
10111011
11111000
00001110
00101111
00100100
10110110
11111111
11111000
00001010
01011010
11100010
10100100
11100111
10011001
01101110
11000010
10111100
11000001
00100110
00101001
11101001
10010000
01110110
11000111
00100011
