11110101
10100101
11111011
10111011
10101111
10111100
00001001
11001001
00110101
01101000
10101000
11110110
11110001
01011010
01101000
00001100
11110000
00001000
10010011
01100101
00001111
00111100
00011110
10011011
01010110
11001010
11111011
00000001
01010110
01101000
01110111
10101100
00000011
10010101
01110011
00111011
11101100
01110110
00010001
00001101
00001100
00000000
00011111
00101001
10000011
00100010
10011000
00111011
10011111
11110110
