01010111
10110000
11001101
11100001
01000111
11111111
00111100
10000101
11110001
10111100
11101000
00000010
10111000
10001010
00100111
10010100
11001001
00001101
00110000
01100110
00100000
01100010
11100011
10111000
10001101
00010001
10100001
00110101
10010111
00000000
11101100
10111100
01101100
11010110
10111100
01100100
00001000
10111110
10111010
00011110
00010110
00011011
00010001
01011110
01001100
01101111
11001110
11111000
11010001
11100111
