00011100
11011001
11100010
10010010
10000100
01010001
10111101
10001111
00001001
11110000
00000101
00111011
00101000
10110000
01001011
01101110
00111011
01011011
00110110
00110010
01011001
10001110
11111001
11111110
00111111
01111100
01011100
00100101
01100010
00001000
10001001
11110110
10101011
10101100
10101110
11001000
01101010
10111000
11010010
11110111
00111010
01100100
01011010
10100001
00111000
00000111
10100001
01111101
01011000
10001101
