11000110
01010110
11010101
01001110
01111001
11111010
10111110
10110100
00000111
01010010
00100111
01010010
11000010
10000000
10011101
10011100
00111010
01111000
10110110
00001000
01011111
10011011
00011000
00100001
10011011
00010010
00110011
00001000
01011000
11000000
10100001
10011001
11011100
11110010
11000000
00000010
10011000
01011100
00000110
01011100
00111010
11111010
00011100
01110100
00011011
00100100
01111010
01111111
00101000
11011110
