11111001
00101101
10000100
00011110
11110110
10000111
10101010
01111100
10011100
10011010
11011101
01000111
00000101
00111010
11100001
00100001
01001100
01010010
10111111
10111000
11000001
10000100
00010001
10011000
00010101
10110100
10011001
10111111
11001111
10000000
01110111
00110011
10101001
00111011
01101100
00011000
01100010
10100001
01100011
10110011
11101000
01000101
10100010
01110100
11100010
01111011
10011000
10101011
01000000
00111011
