11111110
10000110
11001111
11001010
10011111
01101000
10000101
00111111
10101100
10010001
01000110
10011110
11101001
01011100
01110111
01101010
11100101
11110010
00100010
01111111
11110001
00010111
10111100
01101010
01111110
11001010
00010001
00011110
11100111
10110000
01110110
01110010
01100000
01000001
00001010
01000110
00011010
00100011
11001101
01001010
01011010
11100001
00010010
11010000
10010100
00010000
00100010
11111101
10010000
11110011
